
                  tw   ti   ts twsf    td   vr   cl   an  vit    util   pdf   Total
               ----- ---- ---- ----  ---- ---- ---- ---- ----    ----  ----   -----
2008             972                                                            972
2009            4267             35                                            4302
2010            5272            633                                            5905
2011            9642            274             650                    2243   12809
2012            9442            364             330       309          5836   16281
2013            6894            456   380  108   51      1046          4639   13525
2014           11087            215  3451  137  136      2780          6305   24068
2015           12298       687    7  4727  573  673      1484    2169  7096   29511
2016            8068 1923 1663       4855  824 1209  124 1565    3014  5740   28985
2017            7560 2728 3045       4424  186  279  150  968    3005  4283   26628

2018             660  216  162        390   12   16    4   73     140   267    1940

               ----- ---- ---- ---- ----- ---- ---- ---- ----    ---- -----   -----
               75502 4651 5395 1984 17837 1828 3328  274 8152    8188 36142  162986

