
                  tw   ts   td   ti   vr   an   cl   fl   ra   li   gu   vi   ho  www  Total
                ---- ---- ---- ---- ---- ---- ---- ---- ---- ---- ---- ---- ---- ----  -----
2008             259                                                                     259
2009             883                                                                     883
2010             746                  24                                                 770
2011            1153                   6        14                                      1200
2012             505       105         3        29  356                                 1052
2013             767       277        14   18   14  102                                 1236
2014            1944       140         5    8    5   33                           506   2648
2015            2321   66  151  182    9   11   27   10                   1       403   3182
2016             411   40  242 1850   24   30   84  414  184  509  120    4   43  425   4388
2017             323   30   38  139    8   12    9  100   65  264    1    1    3  110   1103
2018-03-01       199    1   36   45              3    5    9    6    1         5  153    463

