
           TW.org  Twitter  Google+  WPress  Dev     User
           ------  -------  -------  ------  ------  ------
2012          451      419      224              15      28
2013          592      573      513     452      24      43
2014          798      673      347     358
2015          980      743      357              27      64
2016         1195      912                       39      68
2017         1365     1031                       48      74
2018-02-11            1061                       49      74
