               tw.org  tt.org  hd.net  y.org   tt.org/  flod.us  bugs   bugs   tw     rank  source  commits  unit
               visits  visits  visits  visits  latest   visits   found  fixed  d/l    d/l   forge   task     tests
               ------  ------  ------  ------  -------  -------  -----  -----  -----  ----  ------  -------  -----
2008 April                                                                         8       
     May                                                                           8                     51       
     June                                                                        227                     90       
     July                                                                        293                     47       
     August                                                                       56                      2       
     September                                                                    87                     22       
     October                                                                     143                     13       
     November                                                                     99                     24       
     December                                                                     51                      2       
               ------  ------  ------  ------  -------  -------  -----  -----  -----  ----  ------  -------  -----
                                                                                 964                    259

2009 January                                                                      44                      3       
     February                                                                    271                     22       
     March                                                                       235                    110       
     April                                                                       238                     31       
     May                                                           114     20    285                    186       
     June                                                           28     35    268                    258       
     July                                                           99     30    624                    103   1634
     August      1854                                               35     25    490             3       25   1681
     September   3684                                                7      3    599             4       23   1695
     October     2501                                                6      3    339            11       20   1631
     November    2130                               60              24     15    430            10       35   1631
     December    2526                                3              28     23    490             7       55   2171
               ------  ------  ------  ------  -------  -------  -----  -----  -----  ----  ------  -------  -----
                12695                               63             341    154   4313            35      871

2010 January     2221                               17               6     12    238            13      108   2404
     February    2249                                2              19     13    474            24       61   3652
     March       2044                                0              11      3    301            21       17   3812
     April       1944                                0               2      1    290            23        5   3812
     May         2672                                1               4     29    401            83       25   3836
     June        1991                                0              13     18    279            28       52   4239
     July        2808      40                       13              33     27    514            28      139   4457
     August      3322     201              10       24              20     21    327            15       86   4851
     September   3638     121               5       19               8      2    433            21       46   4971
     October     4484     118               3       22              22      6    511             9      105   4992
     November    5097     139               6       36              41     17    892            24       55   5195
     December    4255      91               3       23              31     18    584           326       43   5261
               ------  ------  ------  ------  -------  -------  -----  -----  -----  ----  ------  -------  -----
                36725     710              27      157             210    167   5244           615      742

2011 January     5326     148              12       30              70     19    543            56       94   5286
     February    6590     124       7      16       37              19     10    735             9       37   5302
     March       7623     211      59      25       53              36     17    978     4       8       38   5406
     April       7459     215      46      12       71              34     42    770            24       78   5099
     May        17708     229      56      32       57              22     35   1607     1      23      150   5129
     June        9768     200       8      17       38              14     26    732            10      103   5220
     July       10600     208      63      20       37              14     35    831            16      154   5140
     August     10630     201     112      13       30               9     16    765            23      172   5540
     September   9743     177      41      11       27              35     22    701            28      172   5261
     October     8707     171      48      14       37              22     17    713            27      130   4784
     November    7928      89      44       9       37               5      4    626            30       12   4785
     December    7680      81      36      12       40               9      5    623            20       18   4791
               ------  ------  ------  ------  -------  -------  -----  -----  -----  ----  ------  -------  -----
               109762    2054     518     193      494             289    247   9624           274     1158

               kw.org  tt.org  hd.net  y.org   tt.org/  flod.us  bugs   bugs   tw     rank  source  commits  unit
               visits  visits  visits  visits  latest   visits   found  fixed  d/l    d/l   forge   task     tests
               ------  ------  ------  ------  -------  -------  -----  -----  -----  ----  ------  -------  -----
2012 January     9712     143      53       6       46              24     19    650            33       31   4817
     February    8798     139      75      13       31              26     24    680            18       63   5099
     March      11320     234      61      21       45              16     18   1106     2      20       55   5118
     April      12233     254      48                9              39     19   1111     3      20       43   5118
     May         9071     144      44                3              13     12    663            11       44   5177
     June        6133     109      33                               14      7    582            25       27   5196
     July        7969     243      26                2              22     69    930            29      117   5238
     August      9646     393      31                        18     46      8    933     5      22       26   5280
     September   8445     603      32                2       73     16      9    933     5      52       70   5350
     October     8135     408      49                7       42      8      3    664            60       84   5361
     November    7392     290      28               10       16     18     15    572            50        8   5393
     December    7133     164      29               59       12     18     10    477            24       28   5414
               ------  ------  ------  ------  -------  -------  -----  -----  -----  ----  ------  -------  -----
               105987    3124     509      40      214      161    260    213   9301           364      596

               tw.org  tt.org  hd.net  y.org   tt.org/  flod.us  bugs   bugs   total  rank  source  commits  unit
               visits  visits  visits  visits  latest   visits   found  fixed  d/l    d/l   forge   task *   tests
               ------  ------  ------  ------  -------  -------  -----  -----  -----  ----  ------  -------  -----
2013 January     8243     215      37               60       13     21      8    506            54       23   5484
     February    6668     134      15               77       16     12     12    406            69       22   5477
     March       6944     171      43               24       12     29     28    600            43       60   5512
     April       7128     210      27               56       16     44     14    928            53       45   5540
     May         6405     179      47               62       22      9      8    541            40       93   5532
     June        5782     153      38              113       20     16      1    394            26       39   5539
     July        6384     183      32               86       30     31     11    416            23       82   5568
     August      6622     193      39               56       34     38      9    436            20       61   5572
     September   8969     476      30               51       27     43     17    629            24       55   5571
     October     8674     423      38               49       25     40     23    605            31      112   5577
     November    9107     452      26               79       48     27      8    926            59      157   5577
     December    7207     340      42               52       28      6      2    586            14      246   5577
               ------  ------  ------  ------  -------  -------  -----  -----  -----  ----  ------  -------  -----
                88229    3129     414              765      291    316    141   6973           456      995

               tw.org  tt.org  hd.net  flod.us  tt.org/ bug    svar   status bugs   bugs   unit
               visits  visits  visits  visits   latest  visits visits visits found  fixed  tests
               ------  ------  ------  -------  -----   -----  -----  -----  -----  -----
2014 January    10962     465      46       20                                  45     19   9605
     February   10901     264       4       11                                  35     30   9575
     March       6505     412                             179      4     71     17      5   9575
     April       5367     519                             362    481     74     19     35   9575
     May         5355     505                             307    399    252     34     20   9167
     June        5399     597                      58     428    314    493     25     26   8593
     July        5586     534                      59     449    279     31     23      8   8406
     August      5302     500                      51     462    257     18     23     19   8410
     September   5801     633                      78     543    251     36     22      6   8350
     October     5912     644                      63     481    303     18     26     19   8371
               ------  ------  ------  -------  -----   -----  -----  -----  -----  -----  -----
                67090    5073      50       31    309    3211   2288    993    269    187




               OS     OS     OS     OS     OS     OS     OS     OS     OS     OS     OS     OS
               Linux  Mac    Wind   BSD    iOS    Andrd  Maemo  Symbi  BlkBr  WebOS  SunOS  Other
               -----  -----  -----  -----  -----  -----  -----  -----  -----  -----  -----  -----
2009 August      547    739    481     22     29      1                                  4     31
     September  1360    983   1153     65     59      3                    1             5     55
     October    1305    374    730     49      7      2                                  2     32
     November   1019    386    628     38      8      1                                 13     37
     December   1421    402    611     49     20      2                                  7     14
2010 January    1198    371    573     29     26      8                    2             6      8
     February   1140    392    579     93     17      7                    1                   20
     March       842    362    768     20     21      7                    1             2     21
     April       774    334    804      3     18      4                                  2      5
     May        1115    482    991     10     41     11                           1      6     15
     June        761    477    691     20     20      4                                 13      5
     July       1486    456    775     33     27     14                    1             1     15
     August     1663    668    901     19     38     14                    4             1     14
     September  1720    627   1139     27     41     14                    2      1            48
     October    2302    808   1231      7     86     25                    2             7     16
     November   2791    795   1292     26     65     20                                 14    103
     December   2271    704   1099     10     55     18                                 17     81
2011 January    2767    990   1354     29     76     46     11      1                   13     39
     February   2877   1548   1846     28    159     83      8             2      1      9     29
     March      3512   1624   2188     60    107     54     25      2      3            14     34
     April      3283   1502   2386     28    162     58     11      1      2      1      3     22
     May        5052   5384   4867     77   1739    491     21      8     25      3      2     39
     June       3946   2508   2694     54    343    127      4      5      6            49      9
     July       4347   2295   3298     29    255    272     13      5     11      3     20     62
     August     4662   2055   3397     27    184    151     17      1      3      1     73     47
     September  4645   1917   2718     23    170    137      7      2      5      1     47     71
     October    4226   1666   2415     18    184    130      7      2      7            22     30
     November   3805   1330   2432     32    160     93     11      4      4             7     50
     December   3544   1392   2326     20    162    151     19             4            16     46
2012 January    4304   1691   3123     38    275    194      9             6            11     61
     February   3959   1445   2962     28    173    168      5                          26     32
     March      5148   2027   3388     16    373    280     11             3            34     40
     April      5012   2428   3984     50    388    283     16      5      8      1      6     52
     May        3807   1822   2833     55    278    138      2      1      8             4     33
     June       2439   1224   2124     31    161     91      4             4             6     49
     July       3227   1743   2380     26    286    238      7      1      5             3     54
     August     3649   1877   3308     29    389    314      9      2                    5     58
     September  3574   1360   2816     30    280    326      4             5             5     45
     October    3515   1458   2555     25    233    257      4      1      4             4     79
     November   3205   1180   2422     14    198    278      5             2             4     84
     December   3311   1118   2210     25    237    353      5                           3     71
2013 January    3772   1462   2409     25    274    240      4             2             4     51
     February   2850   1174   2094     23    199    277      5             5            14     27
     March      2994   1221   2123     31    163    267      7             6             8     24
     April      2990   1220   2228     40    308    301      8      2      6             2     23
     May        2600   1144   1990     38    281    303      7             4             2     36
     June       2426   1012   1835     29    219    212      5             6             5     33
     July       2702    910   2136     47    265    277      7             6             2     42
     August     2936   1008   2210     11    290    315      8             6             1     47
     September  3467   1676   2558     24    517    680     11             5      1      3     27
     October    3519   1602   2604     23    330    546      7      1     10             4     24
     November   3468   1562   2613     15    593    809      9      1      8             2     27
     December   2736   1299   2233     18    323    558      6      1      2             1     30

               OS     OS     OS     OS     OS     OS     OS     OS     OS
               Linux  Mac    Wind   BSD    iOS    Andrd  Maemo  BlkBr  Other
               -----  -----  -----  -----  -----  -----  -----  -----  -----
2014 January    4209   1975   3492     36    444    744     10      6     46
     February   3992   1930   3702     44    483    703     11      6     30
     March      2935   1549   1759     24    281    490      2      4     27
     April      2831   1239   1697     20    235    551      7      2    221
     May        2800   1674   1680     21    184    417             4     37
     June       1988   1810   1801      9    182    426             5   1000
     July       1904   1572   1775     23    201    481             4    919
     August     1822   1306   1703     19    213    487             2    987
     September  3147   1219   2157     16    206    476             2     41
     October    3313   1390   1910     36    186    489            13     21

